<?xml version="1.0" encoding="utf-8" standalone="no"?>
<!DOCTYPE svg PUBLIC "-//W3C//DTD SVG 1.1//EN"
  "http://www.w3.org/Graphics/SVG/1.1/DTD/svg11.dtd">
<svg xmlns:xlink="http://www.w3.org/1999/xlink" width="247.222598pt" height="142.483991pt" viewBox="0 0 247.222598 142.483991" xmlns="http://www.w3.org/2000/svg" version="1.1">
 <metadata>
  <rdf:RDF xmlns:dc="http://purl.org/dc/elements/1.1/" xmlns:cc="http://creativecommons.org/ns#" xmlns:rdf="http://www.w3.org/1999/02/22-rdf-syntax-ns#">
   <cc:Work>
    <dc:type rdf:resource="http://purl.org/dc/dcmitype/StillImage"/>
    <dc:date>2026-07-15T04:08:46.001632</dc:date>
    <dc:format>image/svg+xml</dc:format>
    <dc:creator>
     <cc:Agent>
      <dc:title>Matplotlib v3.9.4, https://matplotlib.org/</dc:title>
     </cc:Agent>
    </dc:creator>
   </cc:Work>
  </rdf:RDF>
 </metadata>
 <defs>
  <style type="text/css">*{stroke-linejoin: round; stroke-linecap: butt}</style>
 </defs>
 <g id="figure_1">
  <g id="patch_1">
   <path d="M 0 142.483991 
L 247.222598 142.483991 
L 247.222598 0 
L 0 0 
z
" style="fill: #ffffff"/>
  </g>
  <g id="axes_1">
   <g id="patch_2">
    <path d="M 88.628648 64.428128 
C 88.628648 59.52668 87.66317 54.672893 85.787467 50.144546 
C 83.911764 45.616198 81.162314 41.501356 77.696467 38.035509 
C 74.23062 34.569662 70.115778 31.820212 65.587431 29.944509 
C 61.059083 28.068806 56.205296 27.103328 51.303848 27.103328 
C 46.4024 27.103328 41.548613 28.068806 37.020266 29.944509 
C 32.491918 31.820212 28.377076 34.569662 24.911229 38.035509 
C 21.445382 41.501356 18.695932 45.616198 16.820229 50.144546 
C 14.944527 54.672893 13.979048 59.52668 13.979048 64.428128 
C 13.979048 69.329576 14.944527 74.183363 16.820229 78.711711 
C 18.695932 83.240058 21.445382 87.3549 24.911229 90.820747 
C 28.377076 94.286594 32.491918 97.036044 37.020266 98.911747 
C 41.548613 100.78745 46.4024 101.752928 51.303848 101.752928 
C 56.205296 101.752928 61.059083 100.78745 65.587431 98.911747 
C 70.115778 97.036044 74.23062 94.286594 77.696467 90.820747 
C 81.162314 87.3549 83.911764 83.240058 85.787467 78.711711 
C 87.66317 74.183363 88.628648 69.329576 88.628648 64.428128 
M 51.303848 64.428128 
C 51.303848 64.428128 51.303848 64.428128 51.303848 64.428128 
C 51.303848 64.428128 51.303848 64.428128 51.303848 64.428128 
C 51.303848 64.428128 51.303848 64.428128 51.303848 64.428128 
C 51.303848 64.428128 51.303848 64.428128 51.303848 64.428128 
C 51.303848 64.428128 51.303848 64.428128 51.303848 64.428128 
C 51.303848 64.428128 51.303848 64.428128 51.303848 64.428128 
C 51.303848 64.428128 51.303848 64.428128 51.303848 64.428128 
C 51.303848 64.428128 51.303848 64.428128 51.303848 64.428128 
C 51.303848 64.428128 51.303848 64.428128 51.303848 64.428128 
C 51.303848 64.428128 51.303848 64.428128 51.303848 64.428128 
C 51.303848 64.428128 51.303848 64.428128 51.303848 64.428128 
C 51.303848 64.428128 51.303848 64.428128 51.303848 64.428128 
C 51.303848 64.428128 51.303848 64.428128 51.303848 64.428128 
C 51.303848 64.428128 51.303848 64.428128 51.303848 64.428128 
C 51.303848 64.428128 51.303848 64.428128 51.303848 64.428128 
C 51.303848 64.428128 51.303848 64.428128 51.303848 64.428128 
z
" style="fill: #ffffff"/>
   </g>
   <g id="patch_3">
    <path d="M 51.303848 41.175684 
L 80.061141 47.825097 
L 65.393839 72.562988 
L 51.303848 78.29973 
L 27.205307 78.341427 
L 28.629328 51.336988 
z
" clip-path="url(#p0a1a125f5c)" style="fill: #007c83; opacity: 0.055; stroke: #007c83; stroke-linejoin: miter"/>
   </g>
   <g id="patch_4">
    <path d="M 51.303848 40.0272 
L 80.195748 47.747382 
L 66.156645 73.003394 
L 51.303848 68.696912 
L 25.032057 79.596154 
L 35.083044 55.063043 
z
" clip-path="url(#p0a1a125f5c)" style="fill: #e45756; opacity: 0.055; stroke: #e45756; stroke-linejoin: miter"/>
   </g>
   <g id="matplotlib.axis_1">
    <g id="xtick_1">
     <g id="line2d_1">
      <path d="M 51.303848 64.428128 
L 51.303848 27.103328 
" clip-path="url(#p0a1a125f5c)" style="fill: none; stroke: #c9d1d8; stroke-opacity: 0.8; stroke-width: 0.55; stroke-linecap: square"/>
     </g>
     <g id="text_1">
      <text style="font: 5.2px 'DejaVu Sans'; text-anchor: middle" x="51.303848" y="17.538203" transform="rotate(-0 51.303848 17.538203)">AIOPS</text>
     </g>
    </g>
    <g id="xtick_2">
     <g id="line2d_2">
      <path d="M 51.303848 64.428128 
L 83.628073 45.765728 
" clip-path="url(#p0a1a125f5c)" style="fill: none; stroke: #c9d1d8; stroke-opacity: 0.8; stroke-width: 0.55; stroke-linecap: square"/>
     </g>
     <g id="text_2">
      <text style="font: 5.2px 'DejaVu Sans'; text-anchor: middle" x="93.154353" y="41.700603" transform="rotate(-0 93.154353 41.700603)">NAB</text>
     </g>
    </g>
    <g id="xtick_3">
     <g id="line2d_3">
      <path d="M 51.303848 64.428128 
L 83.628073 83.090528 
" clip-path="url(#p0a1a125f5c)" style="fill: none; stroke: #c9d1d8; stroke-opacity: 0.8; stroke-width: 0.55; stroke-linecap: square"/>
     </g>
     <g id="text_3">
      <text style="font: 5.2px 'DejaVu Sans'; text-anchor: middle" x="93.154353" y="90.025403" transform="rotate(-0 93.154353 90.025403)">TODS</text>
     </g>
    </g>
    <g id="xtick_4">
     <g id="line2d_4">
      <path d="M 51.303848 64.428128 
L 51.303848 101.752928 
" clip-path="url(#p0a1a125f5c)" style="fill: none; stroke: #c9d1d8; stroke-opacity: 0.8; stroke-width: 0.55; stroke-linecap: square"/>
     </g>
     <g id="text_4">
      <text style="font: 5.2px 'DejaVu Sans'; text-anchor: middle" x="51.303848" y="114.187803" transform="rotate(-0 51.303848 114.187803)">UCR</text>
     </g>
    </g>
    <g id="xtick_5">
     <g id="line2d_5">
      <path d="M 51.303848 64.428128 
L 18.979623 83.090528 
" clip-path="url(#p0a1a125f5c)" style="fill: none; stroke: #c9d1d8; stroke-opacity: 0.8; stroke-width: 0.55; stroke-linecap: square"/>
     </g>
     <g id="text_5">
      <text style="font: 5.2px 'DejaVu Sans'; text-anchor: middle" x="9.453344" y="90.025403" transform="rotate(-0 9.453344 90.025403)">WSD</text>
     </g>
    </g>
    <g id="xtick_6">
     <g id="line2d_6">
      <path d="M 51.303848 64.428128 
L 18.979623 45.765728 
" clip-path="url(#p0a1a125f5c)" style="fill: none; stroke: #c9d1d8; stroke-opacity: 0.8; stroke-width: 0.55; stroke-linecap: square"/>
     </g>
     <g id="text_6">
      <text style="font: 5.2px 'DejaVu Sans'; text-anchor: middle" x="9.453344" y="41.700603" transform="rotate(-0 9.453344 41.700603)">Yahoo</text>
     </g>
    </g>
   </g>
   <g id="matplotlib.axis_2">
    <g id="ytick_1">
     <g id="line2d_7">
      <path d="M 51.303848 59.096014 
C 52.004055 59.096014 52.697453 59.233939 53.34436 59.501897 
C 53.991267 59.769854 54.579101 60.162633 55.074222 60.657754 
C 55.569343 61.152875 55.962122 61.74071 56.230079 62.387616 
C 56.498037 63.034523 56.635962 63.727921 56.635962 64.428128 
C 56.635962 65.128335 56.498037 65.821733 56.230079 66.46864 
C 55.962122 67.115547 55.569343 67.703381 55.074222 68.198502 
C 54.579101 68.693623 53.991267 69.086402 53.34436 69.354359 
C 52.697453 69.622317 52.004055 69.760242 51.303848 69.760242 
C 50.603641 69.760242 49.910243 69.622317 49.263336 69.354359 
C 48.61643 69.086402 48.028595 68.693623 47.533474 68.198502 
C 47.038353 67.703381 46.645574 67.115547 46.377617 66.46864 
C 46.109659 65.821733 45.971734 65.128335 45.971734 64.428128 
C 45.971734 63.727921 46.109659 63.034523 46.377617 62.387616 
C 46.645574 61.74071 47.038353 61.152875 47.533474 60.657754 
C 48.028595 60.162633 48.61643 59.769854 49.263336 59.501897 
C 49.910243 59.233939 50.603641 59.096014 51.303848 59.096014 
" clip-path="url(#p0a1a125f5c)" style="fill: none; stroke: #c9d1d8; stroke-opacity: 0.8; stroke-width: 0.55; stroke-linecap: square"/>
     </g>
     <g id="text_7">
      <text style="font: 4.8px 'DejaVu Sans'; text-anchor: start" x="53.34436" y="58.503647" transform="rotate(-0 53.34436 58.503647)">.4</text>
     </g>
    </g>
    <g id="ytick_2">
     <g id="line2d_8">
      <path d="M 51.303848 48.431785 
C 53.404469 48.431785 55.484663 48.845562 57.425384 49.649434 
C 59.366104 50.453307 61.129608 51.631643 62.614971 53.117006 
C 64.100334 54.602369 65.278669 56.365872 66.082542 58.306593 
C 66.886415 60.247313 67.300191 62.327508 67.300191 64.428128 
C 67.300191 66.528749 66.886415 68.608943 66.082542 70.549664 
C 65.278669 72.490384 64.100334 74.253888 62.614971 75.739251 
C 61.129608 77.224614 59.366104 78.402949 57.425384 79.206822 
C 55.484663 80.010695 53.404469 80.424471 51.303848 80.424471 
C 49.203228 80.424471 47.123033 80.010695 45.182313 79.206822 
C 43.241593 78.402949 41.478089 77.224614 39.992726 75.739251 
C 38.507363 74.253888 37.329027 72.490384 36.525154 70.549664 
C 35.721282 68.608943 35.307505 66.528749 35.307505 64.428128 
C 35.307505 62.327508 35.721282 60.247313 36.525154 58.306593 
C 37.329027 56.365872 38.507363 54.602369 39.992726 53.117006 
C 41.478089 51.631643 43.241593 50.453307 45.182313 49.649434 
C 47.123033 48.845562 49.203228 48.431785 51.303848 48.431785 
" clip-path="url(#p0a1a125f5c)" style="fill: none; stroke: #c9d1d8; stroke-opacity: 0.8; stroke-width: 0.55; stroke-linecap: square"/>
     </g>
     <g id="text_8">
      <text style="font: 4.8px 'DejaVu Sans'; text-anchor: start" x="57.425384" y="48.651184" transform="rotate(-0 57.425384 48.651184)">.6</text>
     </g>
    </g>
    <g id="ytick_3">
     <g id="line2d_9">
      <path d="M 51.303848 37.767557 
C 54.804882 37.767557 58.271873 38.457184 61.506407 39.796972 
C 64.740941 41.13676 67.680114 43.100652 70.155719 45.576257 
C 72.631324 48.051862 74.595217 50.991035 75.935004 54.225569 
C 77.274792 57.460103 77.96442 60.927094 77.96442 64.428128 
C 77.96442 67.929162 77.274792 71.396153 75.935004 74.630687 
C 74.595217 77.865221 72.631324 80.804394 70.155719 83.279999 
C 67.680114 85.755604 64.740941 87.719497 61.506407 89.059284 
C 58.271873 90.399072 54.804882 91.0887 51.303848 91.0887 
C 47.802814 91.0887 44.335823 90.399072 41.101289 89.059284 
C 37.866755 87.719497 34.927582 85.755604 32.451977 83.279999 
C 29.976372 80.804394 28.01248 77.865221 26.672692 74.630687 
C 25.332904 71.396153 24.643277 67.929162 24.643277 64.428128 
C 24.643277 60.927094 25.332904 57.460103 26.672692 54.225569 
C 28.01248 50.991035 29.976372 48.051862 32.451977 45.576257 
C 34.927582 43.100652 37.866755 41.13676 41.101289 39.796972 
C 44.335823 38.457184 47.802814 37.767557 51.303848 37.767557 
" clip-path="url(#p0a1a125f5c)" style="fill: none; stroke: #c9d1d8; stroke-opacity: 0.8; stroke-width: 0.55; stroke-linecap: square"/>
     </g>
     <g id="text_9">
      <text style="font: 4.8px 'DejaVu Sans'; text-anchor: start" x="61.506407" y="38.798722" transform="rotate(-0 61.506407 38.798722)">.8</text>
     </g>
    </g>
    <g id="ytick_4">
     <g id="line2d_10">
      <path d="M 51.303848 27.103328 
C 56.205296 27.103328 61.059083 28.068806 65.587431 29.944509 
C 70.115778 31.820212 74.23062 34.569662 77.696467 38.035509 
C 81.162314 41.501356 83.911764 45.616198 85.787467 50.144546 
C 87.66317 54.672893 88.628648 59.52668 88.628648 64.428128 
C 88.628648 69.329576 87.66317 74.183363 85.787467 78.711711 
C 83.911764 83.240058 81.162314 87.3549 77.696467 90.820747 
C 74.23062 94.286594 70.115778 97.036044 65.587431 98.911747 
C 61.059083 100.78745 56.205296 101.752928 51.303848 101.752928 
C 46.4024 101.752928 41.548613 100.78745 37.020266 98.911747 
C 32.491918 97.036044 28.377076 94.286594 24.911229 90.820747 
C 21.445382 87.3549 18.695932 83.240058 16.820229 78.711711 
C 14.944527 74.183363 13.979048 69.329576 13.979048 64.428128 
C 13.979048 59.52668 14.944527 54.672893 16.820229 50.144546 
C 18.695932 45.616198 21.445382 41.501356 24.911229 38.035509 
C 28.377076 34.569662 32.491918 31.820212 37.020266 29.944509 
C 41.548613 28.068806 46.4024 27.103328 51.303848 27.103328 
" clip-path="url(#p0a1a125f5c)" style="fill: none; stroke: #c9d1d8; stroke-opacity: 0.8; stroke-width: 0.55; stroke-linecap: square"/>
     </g>
     <g id="text_10">
      <text style="font: 4.8px 'DejaVu Sans'; text-anchor: start" x="65.587431" y="28.946259" transform="rotate(-0 65.587431 28.946259)">1.0</text>
     </g>
    </g>
   </g>
   <g id="line2d_11">
    <path d="M 51.303848 37.506283 
L 79.869228 47.935899 
L 76.983136 79.254072 
L 51.303848 79.971241 
L 22.964738 80.789721 
M 51.303848 37.506283 
" clip-path="url(#p0a1a125f5c)" style="fill: none; stroke-dasharray: 5.365,2.32; stroke-dashoffset: 0; stroke: #3274a1; stroke-width: 1.45"/>
    <defs>
     <path id="m5391ebf965" d="M 0 1.5 
C 0.397805 1.5 0.77937 1.341951 1.06066 1.06066 
C 1.341951 0.77937 1.5 0.397805 1.5 0 
C 1.5 -0.397805 1.341951 -0.77937 1.06066 -1.06066 
C 0.77937 -1.341951 0.397805 -1.5 0 -1.5 
C -0.397805 -1.5 -0.77937 -1.341951 -1.06066 -1.06066 
C -1.341951 -0.77937 -1.5 -0.397805 -1.5 0 
C -1.5 0.397805 -1.341951 0.77937 -1.06066 1.06066 
C -0.77937 1.341951 -0.397805 1.5 0 1.5 
z
" style="stroke: #3274a1"/>
    </defs>
    <g clip-path="url(#p0a1a125f5c)">
     <use xlink:href="#m5391ebf965" x="51.303848" y="37.506283" style="fill: #3274a1; stroke: #3274a1"/>
     <use xlink:href="#m5391ebf965" x="79.869228" y="47.935899" style="fill: #3274a1; stroke: #3274a1"/>
     <use xlink:href="#m5391ebf965" x="76.983136" y="79.254072" style="fill: #3274a1; stroke: #3274a1"/>
     <use xlink:href="#m5391ebf965" x="51.303848" y="79.971241" style="fill: #3274a1; stroke: #3274a1"/>
     <use xlink:href="#m5391ebf965" x="22.964738" y="80.789721" style="fill: #3274a1; stroke: #3274a1"/>
     <use xlink:href="#m5391ebf965" x="51.303848" y="37.506283" style="fill: #3274a1; stroke: #3274a1"/>
    </g>
   </g>
   <g id="line2d_12">
    <path d="M 51.303848 41.175684 
L 80.061141 47.825097 
L 65.393839 72.562988 
L 51.303848 78.29973 
L 27.205307 78.341427 
L 28.629328 51.336988 
L 51.303848 41.175684 
" clip-path="url(#p0a1a125f5c)" style="fill: none; stroke: #007c83; stroke-width: 1.45; stroke-linecap: square"/>
    <defs>
     <path id="m9b4cac0f75" d="M -1.5 1.5 
L 1.5 1.5 
L 1.5 -1.5 
L -1.5 -1.5 
z
" style="stroke: #007c83; stroke-linejoin: miter"/>
    </defs>
    <g clip-path="url(#p0a1a125f5c)">
     <use xlink:href="#m9b4cac0f75" x="51.303848" y="41.175684" style="fill: #007c83; stroke: #007c83; stroke-linejoin: miter"/>
     <use xlink:href="#m9b4cac0f75" x="80.061141" y="47.825097" style="fill: #007c83; stroke: #007c83; stroke-linejoin: miter"/>
     <use xlink:href="#m9b4cac0f75" x="65.393839" y="72.562988" style="fill: #007c83; stroke: #007c83; stroke-linejoin: miter"/>
     <use xlink:href="#m9b4cac0f75" x="51.303848" y="78.29973" style="fill: #007c83; stroke: #007c83; stroke-linejoin: miter"/>
     <use xlink:href="#m9b4cac0f75" x="27.205307" y="78.341427" style="fill: #007c83; stroke: #007c83; stroke-linejoin: miter"/>
     <use xlink:href="#m9b4cac0f75" x="28.629328" y="51.336988" style="fill: #007c83; stroke: #007c83; stroke-linejoin: miter"/>
     <use xlink:href="#m9b4cac0f75" x="51.303848" y="41.175684" style="fill: #007c83; stroke: #007c83; stroke-linejoin: miter"/>
    </g>
   </g>
   <g id="line2d_13">
    <path d="M 51.303848 40.0272 
L 80.195748 47.747382 
L 66.156645 73.003394 
L 51.303848 68.696912 
L 25.032057 79.596154 
L 35.083044 55.063043 
L 51.303848 40.0272 
" clip-path="url(#p0a1a125f5c)" style="fill: none; stroke: #e45756; stroke-width: 1.45; stroke-linecap: square"/>
    <defs>
     <path id="mf52111dcec" d="M 0 -1.5 
L -1.5 1.5 
L 1.5 1.5 
z
" style="stroke: #e45756; stroke-linejoin: miter"/>
    </defs>
    <g clip-path="url(#p0a1a125f5c)">
     <use xlink:href="#mf52111dcec" x="51.303848" y="40.0272" style="fill: #e45756; stroke: #e45756; stroke-linejoin: miter"/>
     <use xlink:href="#mf52111dcec" x="80.195748" y="47.747382" style="fill: #e45756; stroke: #e45756; stroke-linejoin: miter"/>
     <use xlink:href="#mf52111dcec" x="66.156645" y="73.003394" style="fill: #e45756; stroke: #e45756; stroke-linejoin: miter"/>
     <use xlink:href="#mf52111dcec" x="51.303848" y="68.696912" style="fill: #e45756; stroke: #e45756; stroke-linejoin: miter"/>
     <use xlink:href="#mf52111dcec" x="25.032057" y="79.596154" style="fill: #e45756; stroke: #e45756; stroke-linejoin: miter"/>
     <use xlink:href="#mf52111dcec" x="35.083044" y="55.063043" style="fill: #e45756; stroke: #e45756; stroke-linejoin: miter"/>
     <use xlink:href="#mf52111dcec" x="51.303848" y="40.0272" style="fill: #e45756; stroke: #e45756; stroke-linejoin: miter"/>
    </g>
   </g>
   <g id="patch_5">
    <path d="M 51.303848 27.103328 
C 46.4024 27.103328 41.548613 28.068806 37.020266 29.944509 
C 32.491918 31.820212 28.377076 34.569662 24.911229 38.035509 
C 21.445382 41.501356 18.695932 45.616198 16.820229 50.144546 
C 14.944527 54.672893 13.979048 59.52668 13.979048 64.428128 
C 13.979048 69.329576 14.944527 74.183363 16.820229 78.711711 
C 18.695932 83.240058 21.445382 87.3549 24.911229 90.820747 
C 28.377076 94.286594 32.491918 97.036044 37.020266 98.911747 
C 41.548613 100.78745 46.4024 101.752928 51.303848 101.752928 
C 56.205296 101.752928 61.059083 100.78745 65.587431 98.911747 
C 70.115778 97.036044 74.23062 94.286594 77.696467 90.820747 
C 81.162314 87.3549 83.911764 83.240058 85.787467 78.711711 
C 87.66317 74.183363 88.628648 69.329576 88.628648 64.428128 
C 88.628648 59.52668 87.66317 54.672893 85.787467 50.144546 
C 83.911764 45.616198 81.162314 41.501356 77.696467 38.035509 
C 74.23062 34.569662 70.115778 31.820212 65.587431 29.944509 
C 61.059083 28.068806 56.205296 27.103328 51.303848 27.103328 
" style="fill: none; stroke: #98a3ad; stroke-width: 0.65; stroke-linejoin: miter; stroke-linecap: square"/>
   </g>
   <g id="text_11">
    <text style="fill: #6b7280; font: 4.6px 'DejaVu Sans'; text-anchor: middle" x="21.057609" y="48.234766" transform="rotate(-0 21.057609 48.234766)">N/A</text>
   </g>
   <g id="text_12">
    <text style="font: 700 6.3px 'DejaVu Sans'; text-anchor: middle" x="51.303848" y="6.587016" transform="rotate(-0 51.303848 6.587016)">(a) Event-F1 (F1-E)</text>
   </g>
  </g>
  <g id="axes_2">
   <g id="patch_6">
    <path d="M 229.906148 64.428128 
C 229.906148 59.52668 228.94067 54.672893 227.064967 50.144546 
C 225.189264 45.616198 222.439814 41.501356 218.973967 38.035509 
C 215.50812 34.569662 211.393278 31.820212 206.864931 29.944509 
C 202.336583 28.068806 197.482796 27.103328 192.581348 27.103328 
C 187.6799 27.103328 182.826113 28.068806 178.297766 29.944509 
C 173.769418 31.820212 169.654576 34.569662 166.188729 38.035509 
C 162.722882 41.501356 159.973432 45.616198 158.097729 50.144546 
C 156.222027 54.672893 155.256548 59.52668 155.256548 64.428128 
C 155.256548 69.329576 156.222027 74.183363 158.097729 78.711711 
C 159.973432 83.240058 162.722882 87.3549 166.188729 90.820747 
C 169.654576 94.286594 173.769418 97.036044 178.297766 98.911747 
C 182.826113 100.78745 187.6799 101.752928 192.581348 101.752928 
C 197.482796 101.752928 202.336583 100.78745 206.864931 98.911747 
C 211.393278 97.036044 215.50812 94.286594 218.973967 90.820747 
C 222.439814 87.3549 225.189264 83.240058 227.064967 78.711711 
C 228.94067 74.183363 229.906148 69.329576 229.906148 64.428128 
M 192.581348 64.428128 
C 192.581348 64.428128 192.581348 64.428128 192.581348 64.428128 
C 192.581348 64.428128 192.581348 64.428128 192.581348 64.428128 
C 192.581348 64.428128 192.581348 64.428128 192.581348 64.428128 
C 192.581348 64.428128 192.581348 64.428128 192.581348 64.428128 
C 192.581348 64.428128 192.581348 64.428128 192.581348 64.428128 
C 192.581348 64.428128 192.581348 64.428128 192.581348 64.428128 
C 192.581348 64.428128 192.581348 64.428128 192.581348 64.428128 
C 192.581348 64.428128 192.581348 64.428128 192.581348 64.428128 
C 192.581348 64.428128 192.581348 64.428128 192.581348 64.428128 
C 192.581348 64.428128 192.581348 64.428128 192.581348 64.428128 
C 192.581348 64.428128 192.581348 64.428128 192.581348 64.428128 
C 192.581348 64.428128 192.581348 64.428128 192.581348 64.428128 
C 192.581348 64.428128 192.581348 64.428128 192.581348 64.428128 
C 192.581348 64.428128 192.581348 64.428128 192.581348 64.428128 
C 192.581348 64.428128 192.581348 64.428128 192.581348 64.428128 
C 192.581348 64.428128 192.581348 64.428128 192.581348 64.428128 
z
" style="fill: #ffffff"/>
   </g>
   <g id="patch_7">
    <path d="M 192.581348 34.103861 
L 224.831089 45.808732 
L 211.334109 75.25504 
L 192.581348 92.123716 
L 162.449444 81.824791 
L 169.126013 50.886184 
z
" clip-path="url(#pbc1be75998)" style="fill: #007c83; opacity: 0.055; stroke: #007c83; stroke-linejoin: miter"/>
   </g>
   <g id="patch_8">
    <path d="M 192.581348 34.205011 
L 224.84388 45.801347 
L 210.755182 74.920796 
L 192.581348 82.401726 
L 162.513216 81.787973 
L 175.671853 54.665427 
z
" clip-path="url(#pbc1be75998)" style="fill: #e45756; opacity: 0.055; stroke: #e45756; stroke-linejoin: miter"/>
   </g>
   <g id="matplotlib.axis_3">
    <g id="xtick_7">
     <g id="line2d_14">
      <path d="M 192.581348 64.428128 
L 192.581348 27.103328 
" clip-path="url(#pbc1be75998)" style="fill: none; stroke: #c9d1d8; stroke-opacity: 0.8; stroke-width: 0.55; stroke-linecap: square"/>
     </g>
     <g id="text_13">
      <text style="font: 5.2px 'DejaVu Sans'; text-anchor: middle" x="192.581348" y="17.538203" transform="rotate(-0 192.581348 17.538203)">AIOPS</text>
     </g>
    </g>
    <g id="xtick_8">
     <g id="line2d_15">
      <path d="M 192.581348 64.428128 
L 224.905573 45.765728 
" clip-path="url(#pbc1be75998)" style="fill: none; stroke: #c9d1d8; stroke-opacity: 0.8; stroke-width: 0.55; stroke-linecap: square"/>
     </g>
     <g id="text_14">
      <text style="font: 5.2px 'DejaVu Sans'; text-anchor: middle" x="234.431853" y="41.700603" transform="rotate(-0 234.431853 41.700603)">NAB</text>
     </g>
    </g>
    <g id="xtick_9">
     <g id="line2d_16">
      <path d="M 192.581348 64.428128 
L 224.905573 83.090528 
" clip-path="url(#pbc1be75998)" style="fill: none; stroke: #c9d1d8; stroke-opacity: 0.8; stroke-width: 0.55; stroke-linecap: square"/>
     </g>
     <g id="text_15">
      <text style="font: 5.2px 'DejaVu Sans'; text-anchor: middle" x="234.431853" y="90.025403" transform="rotate(-0 234.431853 90.025403)">TODS</text>
     </g>
    </g>
    <g id="xtick_10">
     <g id="line2d_17">
      <path d="M 192.581348 64.428128 
L 192.581348 101.752928 
" clip-path="url(#pbc1be75998)" style="fill: none; stroke: #c9d1d8; stroke-opacity: 0.8; stroke-width: 0.55; stroke-linecap: square"/>
     </g>
     <g id="text_16">
      <text style="font: 5.2px 'DejaVu Sans'; text-anchor: middle" x="192.581348" y="114.187803" transform="rotate(-0 192.581348 114.187803)">UCR</text>
     </g>
    </g>
    <g id="xtick_11">
     <g id="line2d_18">
      <path d="M 192.581348 64.428128 
L 160.257123 83.090528 
" clip-path="url(#pbc1be75998)" style="fill: none; stroke: #c9d1d8; stroke-opacity: 0.8; stroke-width: 0.55; stroke-linecap: square"/>
     </g>
     <g id="text_17">
      <text style="font: 5.2px 'DejaVu Sans'; text-anchor: middle" x="150.730844" y="90.025403" transform="rotate(-0 150.730844 90.025403)">WSD</text>
     </g>
    </g>
    <g id="xtick_12">
     <g id="line2d_19">
      <path d="M 192.581348 64.428128 
L 160.257123 45.765728 
" clip-path="url(#pbc1be75998)" style="fill: none; stroke: #c9d1d8; stroke-opacity: 0.8; stroke-width: 0.55; stroke-linecap: square"/>
     </g>
     <g id="text_18">
      <text style="font: 5.2px 'DejaVu Sans'; text-anchor: middle" x="150.730844" y="41.700603" transform="rotate(-0 150.730844 41.700603)">Yahoo</text>
     </g>
    </g>
   </g>
   <g id="matplotlib.axis_4">
    <g id="ytick_5">
     <g id="line2d_20">
      <path d="M 192.581348 59.096014 
C 193.281555 59.096014 193.974953 59.233939 194.62186 59.501897 
C 195.268767 59.769854 195.856601 60.162633 196.351722 60.657754 
C 196.846843 61.152875 197.239622 61.74071 197.507579 62.387616 
C 197.775537 63.034523 197.913462 63.727921 197.913462 64.428128 
C 197.913462 65.128335 197.775537 65.821733 197.507579 66.46864 
C 197.239622 67.115547 196.846843 67.703381 196.351722 68.198502 
C 195.856601 68.693623 195.268767 69.086402 194.62186 69.354359 
C 193.974953 69.622317 193.281555 69.760242 192.581348 69.760242 
C 191.881141 69.760242 191.187743 69.622317 190.540836 69.354359 
C 189.89393 69.086402 189.306095 68.693623 188.810974 68.198502 
C 188.315853 67.703381 187.923074 67.115547 187.655117 66.46864 
C 187.387159 65.821733 187.249234 65.128335 187.249234 64.428128 
C 187.249234 63.727921 187.387159 63.034523 187.655117 62.387616 
C 187.923074 61.74071 188.315853 61.152875 188.810974 60.657754 
C 189.306095 60.162633 189.89393 59.769854 190.540836 59.501897 
C 191.187743 59.233939 191.881141 59.096014 192.581348 59.096014 
" clip-path="url(#pbc1be75998)" style="fill: none; stroke: #c9d1d8; stroke-opacity: 0.8; stroke-width: 0.55; stroke-linecap: square"/>
     </g>
     <g id="text_19">
      <text style="font: 4.8px 'DejaVu Sans'; text-anchor: start" x="194.62186" y="58.503647" transform="rotate(-0 194.62186 58.503647)">.4</text>
     </g>
    </g>
    <g id="ytick_6">
     <g id="line2d_21">
      <path d="M 192.581348 48.431785 
C 194.681969 48.431785 196.762163 48.845562 198.702884 49.649434 
C 200.643604 50.453307 202.407108 51.631643 203.892471 53.117006 
C 205.377834 54.602369 206.556169 56.365872 207.360042 58.306593 
C 208.163915 60.247313 208.577691 62.327508 208.577691 64.428128 
C 208.577691 66.528749 208.163915 68.608943 207.360042 70.549664 
C 206.556169 72.490384 205.377834 74.253888 203.892471 75.739251 
C 202.407108 77.224614 200.643604 78.402949 198.702884 79.206822 
C 196.762163 80.010695 194.681969 80.424471 192.581348 80.424471 
C 190.480728 80.424471 188.400533 80.010695 186.459813 79.206822 
C 184.519093 78.402949 182.755589 77.224614 181.270226 75.739251 
C 179.784863 74.253888 178.606527 72.490384 177.802654 70.549664 
C 176.998782 68.608943 176.585005 66.528749 176.585005 64.428128 
C 176.585005 62.327508 176.998782 60.247313 177.802654 58.306593 
C 178.606527 56.365872 179.784863 54.602369 181.270226 53.117006 
C 182.755589 51.631643 184.519093 50.453307 186.459813 49.649434 
C 188.400533 48.845562 190.480728 48.431785 192.581348 48.431785 
" clip-path="url(#pbc1be75998)" style="fill: none; stroke: #c9d1d8; stroke-opacity: 0.8; stroke-width: 0.55; stroke-linecap: square"/>
     </g>
     <g id="text_20">
      <text style="font: 4.8px 'DejaVu Sans'; text-anchor: start" x="198.702884" y="48.651184" transform="rotate(-0 198.702884 48.651184)">.6</text>
     </g>
    </g>
    <g id="ytick_7">
     <g id="line2d_22">
      <path d="M 192.581348 37.767557 
C 196.082382 37.767557 199.549373 38.457184 202.783907 39.796972 
C 206.018441 41.13676 208.957614 43.100652 211.433219 45.576257 
C 213.908824 48.051862 215.872717 50.991035 217.212504 54.225569 
C 218.552292 57.460103 219.24192 60.927094 219.24192 64.428128 
C 219.24192 67.929162 218.552292 71.396153 217.212504 74.630687 
C 215.872717 77.865221 213.908824 80.804394 211.433219 83.279999 
C 208.957614 85.755604 206.018441 87.719497 202.783907 89.059284 
C 199.549373 90.399072 196.082382 91.0887 192.581348 91.0887 
C 189.080314 91.0887 185.613323 90.399072 182.378789 89.059284 
C 179.144255 87.719497 176.205082 85.755604 173.729477 83.279999 
C 171.253872 80.804394 169.28998 77.865221 167.950192 74.630687 
C 166.610404 71.396153 165.920777 67.929162 165.920777 64.428128 
C 165.920777 60.927094 166.610404 57.460103 167.950192 54.225569 
C 169.28998 50.991035 171.253872 48.051862 173.729477 45.576257 
C 176.205082 43.100652 179.144255 41.13676 182.378789 39.796972 
C 185.613323 38.457184 189.080314 37.767557 192.581348 37.767557 
" clip-path="url(#pbc1be75998)" style="fill: none; stroke: #c9d1d8; stroke-opacity: 0.8; stroke-width: 0.55; stroke-linecap: square"/>
     </g>
     <g id="text_21">
      <text style="font: 4.8px 'DejaVu Sans'; text-anchor: start" x="202.783907" y="38.798722" transform="rotate(-0 202.783907 38.798722)">.8</text>
     </g>
    </g>
    <g id="ytick_8">
     <g id="line2d_23">
      <path d="M 192.581348 27.103328 
C 197.482796 27.103328 202.336583 28.068806 206.864931 29.944509 
C 211.393278 31.820212 215.50812 34.569662 218.973967 38.035509 
C 222.439814 41.501356 225.189264 45.616198 227.064967 50.144546 
C 228.94067 54.672893 229.906148 59.52668 229.906148 64.428128 
C 229.906148 69.329576 228.94067 74.183363 227.064967 78.711711 
C 225.189264 83.240058 222.439814 87.3549 218.973967 90.820747 
C 215.50812 94.286594 211.393278 97.036044 206.864931 98.911747 
C 202.336583 100.78745 197.482796 101.752928 192.581348 101.752928 
C 187.6799 101.752928 182.826113 100.78745 178.297766 98.911747 
C 173.769418 97.036044 169.654576 94.286594 166.188729 90.820747 
C 162.722882 87.3549 159.973432 83.240058 158.097729 78.711711 
C 156.222027 74.183363 155.256548 69.329576 155.256548 64.428128 
C 155.256548 59.52668 156.222027 54.672893 158.097729 50.144546 
C 159.973432 45.616198 162.722882 41.501356 166.188729 38.035509 
C 169.654576 34.569662 173.769418 31.820212 178.297766 29.944509 
C 182.826113 28.068806 187.6799 27.103328 192.581348 27.103328 
" clip-path="url(#pbc1be75998)" style="fill: none; stroke: #c9d1d8; stroke-opacity: 0.8; stroke-width: 0.55; stroke-linecap: square"/>
     </g>
     <g id="text_22">
      <text style="font: 4.8px 'DejaVu Sans'; text-anchor: start" x="206.864931" y="28.946259" transform="rotate(-0 206.864931 28.946259)">1.0</text>
     </g>
    </g>
   </g>
   <g id="line2d_24">
    <path d="M 192.581348 31.033096 
L 224.822454 45.813717 
L 220.680335 80.651086 
L 192.581348 93.717432 
L 161.046758 82.634632 
M 192.581348 31.033096 
" clip-path="url(#pbc1be75998)" style="fill: none; stroke-dasharray: 5.365,2.32; stroke-dashoffset: 0; stroke: #3274a1; stroke-width: 1.45"/>
    <g clip-path="url(#pbc1be75998)">
     <use xlink:href="#m5391ebf965" x="192.581348" y="31.033096" style="fill: #3274a1; stroke: #3274a1"/>
     <use xlink:href="#m5391ebf965" x="224.822454" y="45.813717" style="fill: #3274a1; stroke: #3274a1"/>
     <use xlink:href="#m5391ebf965" x="220.680335" y="80.651086" style="fill: #3274a1; stroke: #3274a1"/>
     <use xlink:href="#m5391ebf965" x="192.581348" y="93.717432" style="fill: #3274a1; stroke: #3274a1"/>
     <use xlink:href="#m5391ebf965" x="161.046758" y="82.634632" style="fill: #3274a1; stroke: #3274a1"/>
     <use xlink:href="#m5391ebf965" x="192.581348" y="31.033096" style="fill: #3274a1; stroke: #3274a1"/>
    </g>
   </g>
   <g id="line2d_25">
    <path d="M 192.581348 34.103861 
L 224.831089 45.808732 
L 211.334109 75.25504 
L 192.581348 92.123716 
L 162.449444 81.824791 
L 169.126013 50.886184 
L 192.581348 34.103861 
" clip-path="url(#pbc1be75998)" style="fill: none; stroke: #007c83; stroke-width: 1.45; stroke-linecap: square"/>
    <g clip-path="url(#pbc1be75998)">
     <use xlink:href="#m9b4cac0f75" x="192.581348" y="34.103861" style="fill: #007c83; stroke: #007c83; stroke-linejoin: miter"/>
     <use xlink:href="#m9b4cac0f75" x="224.831089" y="45.808732" style="fill: #007c83; stroke: #007c83; stroke-linejoin: miter"/>
     <use xlink:href="#m9b4cac0f75" x="211.334109" y="75.25504" style="fill: #007c83; stroke: #007c83; stroke-linejoin: miter"/>
     <use xlink:href="#m9b4cac0f75" x="192.581348" y="92.123716" style="fill: #007c83; stroke: #007c83; stroke-linejoin: miter"/>
     <use xlink:href="#m9b4cac0f75" x="162.449444" y="81.824791" style="fill: #007c83; stroke: #007c83; stroke-linejoin: miter"/>
     <use xlink:href="#m9b4cac0f75" x="169.126013" y="50.886184" style="fill: #007c83; stroke: #007c83; stroke-linejoin: miter"/>
     <use xlink:href="#m9b4cac0f75" x="192.581348" y="34.103861" style="fill: #007c83; stroke: #007c83; stroke-linejoin: miter"/>
    </g>
   </g>
   <g id="line2d_26">
    <path d="M 192.581348 34.205011 
L 224.84388 45.801347 
L 210.755182 74.920796 
L 192.581348 82.401726 
L 162.513216 81.787973 
L 175.671853 54.665427 
L 192.581348 34.205011 
" clip-path="url(#pbc1be75998)" style="fill: none; stroke: #e45756; stroke-width: 1.45; stroke-linecap: square"/>
    <g clip-path="url(#pbc1be75998)">
     <use xlink:href="#mf52111dcec" x="192.581348" y="34.205011" style="fill: #e45756; stroke: #e45756; stroke-linejoin: miter"/>
     <use xlink:href="#mf52111dcec" x="224.84388" y="45.801347" style="fill: #e45756; stroke: #e45756; stroke-linejoin: miter"/>
     <use xlink:href="#mf52111dcec" x="210.755182" y="74.920796" style="fill: #e45756; stroke: #e45756; stroke-linejoin: miter"/>
     <use xlink:href="#mf52111dcec" x="192.581348" y="82.401726" style="fill: #e45756; stroke: #e45756; stroke-linejoin: miter"/>
     <use xlink:href="#mf52111dcec" x="162.513216" y="81.787973" style="fill: #e45756; stroke: #e45756; stroke-linejoin: miter"/>
     <use xlink:href="#mf52111dcec" x="175.671853" y="54.665427" style="fill: #e45756; stroke: #e45756; stroke-linejoin: miter"/>
     <use xlink:href="#mf52111dcec" x="192.581348" y="34.205011" style="fill: #e45756; stroke: #e45756; stroke-linejoin: miter"/>
    </g>
   </g>
   <g id="patch_9">
    <path d="M 192.581348 27.103328 
C 187.6799 27.103328 182.826113 28.068806 178.297766 29.944509 
C 173.769418 31.820212 169.654576 34.569662 166.188729 38.035509 
C 162.722882 41.501356 159.973432 45.616198 158.097729 50.144546 
C 156.222027 54.672893 155.256548 59.52668 155.256548 64.428128 
C 155.256548 69.329576 156.222027 74.183363 158.097729 78.711711 
C 159.973432 83.240058 162.722882 87.3549 166.188729 90.820747 
C 169.654576 94.286594 173.769418 97.036044 178.297766 98.911747 
C 182.826113 100.78745 187.6799 101.752928 192.581348 101.752928 
C 197.482796 101.752928 202.336583 100.78745 206.864931 98.911747 
C 211.393278 97.036044 215.50812 94.286594 218.973967 90.820747 
C 222.439814 87.3549 225.189264 83.240058 227.064967 78.711711 
C 228.94067 74.183363 229.906148 69.329576 229.906148 64.428128 
C 229.906148 59.52668 228.94067 54.672893 227.064967 50.144546 
C 225.189264 45.616198 222.439814 41.501356 218.973967 38.035509 
C 215.50812 34.569662 211.393278 31.820212 206.864931 29.944509 
C 202.336583 28.068806 197.482796 27.103328 192.581348 27.103328 
" style="fill: none; stroke: #98a3ad; stroke-width: 0.65; stroke-linejoin: miter; stroke-linecap: square"/>
   </g>
   <g id="text_23">
    <text style="fill: #6b7280; font: 4.6px 'DejaVu Sans'; text-anchor: middle" x="162.335109" y="48.234766" transform="rotate(-0 162.335109 48.234766)">N/A</text>
   </g>
   <g id="text_24">
    <text style="font: 700 6.3px 'DejaVu Sans'; text-anchor: middle" x="192.581348" y="6.587016" transform="rotate(-0 192.581348 6.587016)">(b) Point-F1 (F1)</text>
   </g>
  </g>
  <g id="text_25">
   <text style="fill: #6b7280; font: 4.4px 'DejaVu Sans'; text-anchor: end" x="245.422598" y="139.768928" transform="rotate(-0 245.422598 139.768928)">Original: Yahoo N/A; AIOPS reproduction: 29/29.</text>
  </g>
  <g id="legend_1">
   <g id="line2d_27">
    <path d="M 20.116317 131.642088 
L 23.941317 131.642088 
L 27.766317 131.642088 
" style="fill: none; stroke-dasharray: 5.365,2.32; stroke-dashoffset: 0; stroke: #3274a1; stroke-width: 1.45"/>
    <g>
     <use xlink:href="#m5391ebf965" x="23.941317" y="131.642088" style="fill: #3274a1; stroke: #3274a1"/>
    </g>
   </g>
   <g id="text_26">
    <text style="font: 5.1px 'DejaVu Sans'; text-anchor: start" x="31.846317" y="133.427087" transform="rotate(-0 31.846317 133.427087)">Original reported</text>
   </g>
   <g id="line2d_28">
    <path d="M 78.94402 131.642088 
L 82.76902 131.642088 
L 86.59402 131.642088 
" style="fill: none; stroke: #007c83; stroke-width: 1.45; stroke-linecap: square"/>
    <g>
     <use xlink:href="#m9b4cac0f75" x="82.76902" y="131.642088" style="fill: #007c83; stroke: #007c83; stroke-linejoin: miter"/>
    </g>
   </g>
   <g id="text_27">
    <text style="font: 5.1px 'DejaVu Sans'; text-anchor: start" x="90.67402" y="133.427087" transform="rotate(-0 90.67402 133.427087)">Reproduction / replay</text>
   </g>
   <g id="line2d_29">
    <path d="M 148.957458 131.642088 
L 152.782458 131.642088 
L 156.607458 131.642088 
" style="fill: none; stroke: #e45756; stroke-width: 1.45; stroke-linecap: square"/>
    <g>
     <use xlink:href="#mf52111dcec" x="152.782458" y="131.642088" style="fill: #e45756; stroke: #e45756; stroke-linejoin: miter"/>
    </g>
   </g>
   <g id="text_28">
    <text style="font: 5.1px 'DejaVu Sans'; text-anchor: start" x="160.687458" y="133.427087" transform="rotate(-0 160.687458 133.427087)">Strict Pattern checkpoint</text>
   </g>
  </g>
 </g>
 <defs>
  <clipPath id="p0a1a125f5c">
   <path d="M 88.628648 64.428128 
C 88.628648 59.52668 87.66317 54.672893 85.787467 50.144546 
C 83.911764 45.616198 81.162314 41.501356 77.696467 38.035509 
C 74.23062 34.569662 70.115778 31.820212 65.587431 29.944509 
C 61.059083 28.068806 56.205296 27.103328 51.303848 27.103328 
C 46.4024 27.103328 41.548613 28.068806 37.020266 29.944509 
C 32.491918 31.820212 28.377076 34.569662 24.911229 38.035509 
C 21.445382 41.501356 18.695932 45.616198 16.820229 50.144546 
C 14.944527 54.672893 13.979048 59.52668 13.979048 64.428128 
C 13.979048 69.329576 14.944527 74.183363 16.820229 78.711711 
C 18.695932 83.240058 21.445382 87.3549 24.911229 90.820747 
C 28.377076 94.286594 32.491918 97.036044 37.020266 98.911747 
C 41.548613 100.78745 46.4024 101.752928 51.303848 101.752928 
C 56.205296 101.752928 61.059083 100.78745 65.587431 98.911747 
C 70.115778 97.036044 74.23062 94.286594 77.696467 90.820747 
C 81.162314 87.3549 83.911764 83.240058 85.787467 78.711711 
C 87.66317 74.183363 88.628648 69.329576 88.628648 64.428128 
M 51.303848 64.428128 
C 51.303848 64.428128 51.303848 64.428128 51.303848 64.428128 
C 51.303848 64.428128 51.303848 64.428128 51.303848 64.428128 
C 51.303848 64.428128 51.303848 64.428128 51.303848 64.428128 
C 51.303848 64.428128 51.303848 64.428128 51.303848 64.428128 
C 51.303848 64.428128 51.303848 64.428128 51.303848 64.428128 
C 51.303848 64.428128 51.303848 64.428128 51.303848 64.428128 
C 51.303848 64.428128 51.303848 64.428128 51.303848 64.428128 
C 51.303848 64.428128 51.303848 64.428128 51.303848 64.428128 
C 51.303848 64.428128 51.303848 64.428128 51.303848 64.428128 
C 51.303848 64.428128 51.303848 64.428128 51.303848 64.428128 
C 51.303848 64.428128 51.303848 64.428128 51.303848 64.428128 
C 51.303848 64.428128 51.303848 64.428128 51.303848 64.428128 
C 51.303848 64.428128 51.303848 64.428128 51.303848 64.428128 
C 51.303848 64.428128 51.303848 64.428128 51.303848 64.428128 
C 51.303848 64.428128 51.303848 64.428128 51.303848 64.428128 
C 51.303848 64.428128 51.303848 64.428128 51.303848 64.428128 
z
"/>
  </clipPath>
  <clipPath id="pbc1be75998">
   <path d="M 229.906148 64.428128 
C 229.906148 59.52668 228.94067 54.672893 227.064967 50.144546 
C 225.189264 45.616198 222.439814 41.501356 218.973967 38.035509 
C 215.50812 34.569662 211.393278 31.820212 206.864931 29.944509 
C 202.336583 28.068806 197.482796 27.103328 192.581348 27.103328 
C 187.6799 27.103328 182.826113 28.068806 178.297766 29.944509 
C 173.769418 31.820212 169.654576 34.569662 166.188729 38.035509 
C 162.722882 41.501356 159.973432 45.616198 158.097729 50.144546 
C 156.222027 54.672893 155.256548 59.52668 155.256548 64.428128 
C 155.256548 69.329576 156.222027 74.183363 158.097729 78.711711 
C 159.973432 83.240058 162.722882 87.3549 166.188729 90.820747 
C 169.654576 94.286594 173.769418 97.036044 178.297766 98.911747 
C 182.826113 100.78745 187.6799 101.752928 192.581348 101.752928 
C 197.482796 101.752928 202.336583 100.78745 206.864931 98.911747 
C 211.393278 97.036044 215.50812 94.286594 218.973967 90.820747 
C 222.439814 87.3549 225.189264 83.240058 227.064967 78.711711 
C 228.94067 74.183363 229.906148 69.329576 229.906148 64.428128 
M 192.581348 64.428128 
C 192.581348 64.428128 192.581348 64.428128 192.581348 64.428128 
C 192.581348 64.428128 192.581348 64.428128 192.581348 64.428128 
